alpha: 0.5
batch_size: 256
epochs: 5
gamma: 0.99
learning_rate: 0.001
mean_action_agreement: 0.6719822111644315
mean_episode_length: 29.9921875
mean_return: 3.850354940223042
std_action_agreement: 0.24968769677173802
std_return: 4.106402493304377
total_episodes: 384
total_transitions: 11517
