alpha: 0.5
batch_size: 256
epochs: 5
gamma: 0.99
learning_rate: 0.001
policy_match_rate_mean: 1.0
policy_match_rate_std: 0.0
test_returns_mean: 1.186848759651184
test_returns_std: 1.8429943323135376
