alpha: 1.0
batch_size: 32
epochs: 5
gamma: 0.99
learning_rate: 0.001
mean_action_agreement: 0.6706719237612916
mean_episode_length: 29.9921875
mean_return: 3.8503544330596924
model_type: CQL
std_action_agreement: 0.2500749545582417
std_return: 4.10640287399292
total_episodes: 384
total_transitions: 11517
